   Mth/Yr  1997  1998  1999  2000  2001  2002  2003  2004  2005  2006
0     Jan    66    72    70    74    72    72    72    66    66  69.7
1     Feb    67    69    70    69    67    67    72    62    66  71.7
2     Mar    64    64    72    66    66    65    66    64    62  63.2
3     Apr    65    61    71    69    72    69    73    65    63  67.3
4     May    59    62    72    65    67    67    63    56    64  56.3
5     Jun    64    64    69    68    65    63    66    58    62  65.5
6     Jul    64    67    63    61    63    64    67    67    62  69.4
7     Aug    58    73    66    65    65    65    66    58    58  71.8
8     Sep    70    70    71    74    72    69    66    65    65  63.3
9     Oct    70    69    70    68    71    72    69    68    69  63.0
10    Nov    73    70    70    72    71    72    68    70    69  62.5
11    Dec    73    72    76    67    71    74    68    69    72  60.6

