   Mth/Yr   1997   1998   1999   2000   2001   2002   2003   2004   2005   2006
0     Jan  106.2  181.0  315.0   59.0  216.5   90.8  169.4  138.8  189.1  162.4
1     Feb   96.6   50.2  268.8   86.7   15.1   78.5   85.7  200.8   43.9  179.2
2     Mar  134.4   29.4  196.9  182.2  158.0   96.5  162.6  237.9   62.5  171.0
3     Apr  109.8   35.3  322.0  115.0  164.8   73.4  285.3   88.5  168.2  153.3
4     May   80.9  133.5  302.6   60.3  252.8  195.2  245.7   68.0  229.5  115.1
5     Jun  175.3  144.6  256.2  191.1  306.7  191.7  196.3  200.5  174.0  174.0
6     Jul  225.8  213.0   29.9  121.9  121.3  139.2  312.1  206.8  210.8  159.8
7     Aug   95.7  381.0   78.6  342.6  417.6  156.3  282.0  204.3  145.7  237.6
8     Sep  290.6  170.8  407.2  451.1  395.7  382.5  561.5  475.3  290.5  379.8
9     Oct  391.1  340.3  204.1  367.5  733.0  363.8  471.9  377.5  175.5  235.9
10    Nov  265.4  275.8  126.4  108.0  467.6  164.3  125.4  141.2  206.4   75.4
11    Dec  182.4  394.2  456.3  173.6  342.5  102.2  187.7  166.4  311.4  284.3
